"Intercept" "Black" "q_2" "q_3" "q_4" "q_5" "householdincome" "education" "beds" "obesity" "COPD" "age65" "diabetic"
"AL" 3.07802090897606e-28 8.96103474788571e-05 0.539956950606243 0.301536706693327 0.0275082439627282 0.0835296646989024 0.888312513885325 0.0421393591029383 0.0368695293695676 0.674714080642872 0.423883156365212 0.78731428569799 0.0595267602805159
"AR" 9.00068551112076e-34 0.000682157167533951 0.654960368193856 0.355691542765948 0.825173418380289 0.166100489880114 0.548253842124625 0.0933308800218879 0.0235559426337205 0.289447213903426 0.491542267277901 0.587216776375962 0.0899182610085183
"AZ" 8.77272276675964e-30 0.580316811945927 0.302243028852307 0.126567323201409 0.717131262360001 0.724026768884591 0.778961816153591 0.132630587751592 3.77342835271205e-07 0.812415868102127 0.000624827205148397 0.00113402895678274 0.0567086149192541
"CA" 2.20845763885182e-26 0.18406938773405 0.167914720761995 0.094126460979916 0.18828859971576 0.118588170849717 0.164804975293108 0.00944826135407142 0.791449840531106 0.756839519304931 0.80789647450041 0.79402468403689 0.00218222321476573
"CT" NA NA NA NA NA NA NA NA NA NA NA NA NA
"CO" 8.36611103189192e-158 0.722525333855486 0.720101699699698 0.130464081640638 0.150272293693869 0.0147469090164253 0.799521653804427 0.273964379931896 0.0704845011414517 0.285853526139021 0.115222603989574 0.193400314983171 0.265321393097316
"DE" NA NA NA NA NA NA NA NA NA NA NA NA NA
"FL" 1.57818889547373e-12 0.238013702440684 0.730362830319235 0.367236163309128 0.926188885303938 0.852874202155058 0.502835118546973 0.164427868923932 0.167397750487521 0.168210892512748 0.774040060978449 0.40772697370413 0.0209960955342763
"GA" 9.79515928562339e-43 1.92225542944777e-05 0.404687698170245 0.892969497589868 0.735715287651522 0.967337952670992 0.502940915371294 0.780606193809921 0.9215366694895 0.242691961834996 0.233852848487958 0.162807039331605 0.581854670108156
"IA" 5.92817570400488e-25 0.204608090137462 0.0576265443546977 0.164452414942108 0.0731833741531134 0.0245680495796609 0.451399138285564 0.123770933518579 0.0255815563691481 0.26421826504244 0.547852580294757 0.18172396452544 0.868063423659178
"ID" 0.999997185584782 0.0166738194121961 0.999997697168896 0.999997891827666 0.999997845213502 0.99999772569395 0.0977254091569489 0.0618957594057381 0.00519743831677399 0.128772280489728 0.761110666059977 0.355612793825999 0.00489887071651955
"IL" 0.999998526560928 0.0933275162405928 0.999998888311436 0.999998828862336 0.999998850970245 0.999998840339401 0.00567580247248542 0.0709907815542399 0.334813779175844 0.094686530990525 0.225135608485542 0.182710764253825 0.000902147423790562
"IN" NA NA NA NA NA NA NA NA NA NA NA NA NA
"KS" 8.61958574751552e-151 0.657677361867044 0.114508136558745 0.458077860454687 0.0986452814951308 0.846960978214219 0.389031348511818 0.145326658861573 0.205772979382238 0.132512774655805 0.952046532863138 0.705012742839608 0.0680649120339425
"KY" NA NA NA NA NA NA NA NA NA NA NA NA NA
"LA" 3.24951024004788e-42 7.90105374477425e-07 0.0189222941121368 0.0114863734741064 0.0122775074482289 0.0103106217176604 0.000189112277108344 0.867590990734348 0.699547805133502 0.0967784216680968 0.231914456667703 0.85136153621481 0.354779838955036
"MA" NA NA NA NA NA NA NA NA NA NA NA NA NA
"MD" NA NA NA NA NA NA NA NA NA NA NA NA NA
"ME" NA NA NA NA NA NA NA NA NA NA NA NA NA
"MI" 0.999998902662603 0.13155276268619 0.999999116040841 0.999999112807746 0.999999121618832 0.999999108903187 0.873305536609908 0.73702091122423 0.00764694389554303 0.532477242276676 0.00332046637546934 0.00122061955393616 0.294494855489353
"MN" 4.46406646708475e-95 0.293449983429897 0.706958047877246 0.0883867546806133 0.403520120933901 0.118345035757607 0.993619401125977 0.893416065021749 0.179999261300785 0.222204747594151 0.0380528735734878 0.10182433931244 0.201104592895258
"MO" 1.96815579458345e-78 0.0139698833635211 0.00313689090659322 0.208236629948681 0.0979471052117767 0.370879092024266 0.00121339460661201 0.00707519428677475 0.246238202709875 0.66083299303661 0.163247952978578 0.185306250911848 0.0732538947601893
"MS" 7.75230403263249e-61 0.181217743612031 0.605680619336617 0.722582187918406 0.58469156773471 0.192236072257758 0.498310969946737 0.324267613669359 0.179108119077283 0.468105611433363 0.00185151792108662 0.00121221645353202 0.462495884380391
"MT" 1.02503537955647e-22 0.281727646517948 0.420005438892779 0.997663886324414 0.88138154723406 0.788957860017718 0.162806998177288 0.00153774048993784 0.377755930281252 0.140255021315389 0.471609353366109 0.44794299842931 0.831758800549024
"NC" NA NA NA NA NA NA NA NA NA NA NA NA NA
"ND" NA NA NA NA NA NA NA NA NA NA NA NA NA
"NE" 3.77332294856588e-180 0.0446295250200072 0.279209349984877 0.862308532869855 0.602769261006804 0.0422415915930377 0.0459681029618186 0.1441176426229 0.48181537956119 0.394693779419903 0.128910972255147 0.214185885070753 0.625636352108222
"NH" NA NA NA NA NA NA NA NA NA NA NA NA NA
"NJ" NA NA NA NA NA NA NA NA NA NA NA NA NA
"NV" 0.999758456953268 0.999930135325361 0.999962557999367 0.999959872582278 0.99996931443617 0.999896656609996 0.999936028370081 0.999820175196156 0.999944527046514 0.999911805357153 0.999919176785053 0.999936846386942 0.999929321002188
"NY" 0.999998781096649 0.00933269216317094 0.999999962630976 0.999999000881728 0.999999008755254 0.999999026745611 0.000378972118530365 0.539817338256484 0.0540454030139612 0.00408779176808109 0.0437511438833158 0.252175143046284 2.05261237352869e-05
"OH" NA NA NA NA NA NA NA NA NA NA NA NA NA
"OK" 2.78167537339793e-125 0.996472976323027 0.0719478971909017 0.0532247214897043 0.815303300091618 0.529939152704361 0.012068578291251 0.173901939351122 0.258026733972923 0.155448457224874 0.358424161835846 0.291200364040954 0.179421198070099
"OR" 1.30209070453078e-28 6.90979515557334e-06 0.267201336934853 0.274170433021448 0.50499010273555 0.740399108074057 0.00631026002441642 0.748877685687414 0.407185360161638 0.029184378145146 0.00146983120475111 0.00495191721600312 0.097255201253425
"PA" 0.999999346727041 0.0342954237884323 0.99999950991859 0.999999481371725 0.999999482389289 0.999999473587663 0.00676513570817277 0.167195359008362 0.163842905816236 0.250577224753779 0.605503956908568 0.762489573631422 0.165195335489081
"SC" NA NA NA NA NA NA NA NA NA NA NA NA NA
"SD" 2.37988621527259e-146 0.110489449884174 0.999998746839959 0.692658757349377 0.0751630922209703 0.142584303773607 0.0243159442133987 0.0118626478910269 0.137593931796746 0.458845826449086 0.883835962799554 0.791405575009661 0.719286371940299
"TN" NA NA NA NA NA NA NA NA NA NA NA NA NA
"TX" 0 0.000789105215300755 0.988664393162432 0.311923665729068 0.381182646687296 0.124964102879119 0.668028341265623 0.658624217253516 0.00455670564090001 0.489361576746507 0.539447518538157 0.917425118819024 0.0270011525565695
"UT" NA NA NA NA NA NA NA NA NA NA NA NA NA
"VA" 0.999998945117947 0.00537297175290498 0.999999127343054 0.999999126732492 0.999999129774444 0.999999141919281 0.0358970209039625 0.134999847174766 0.191827261514714 0.0867834043925802 0.127282039297912 0.184733616562675 0.00469720537462597
"VT" NA NA NA NA NA NA NA NA NA NA NA NA NA
"WA" 0.999998279117016 0.448372504316856 0.999998607661114 0.999998649827783 0.999998637778238 0.999998633289895 0.130343603339805 0.297269200714312 0.813606409137981 0.340517147778528 0.0786260766671224 0.191014344926956 0.444146686492089
"WI" 5.45603364654732e-27 0.000671567512452715 0.252448935121709 0.422017660667182 0.397336379842475 0.877993631937694 0.298649135917148 0.793878091095827 0.0517072999836347 0.61113805858461 0.106308976974088 0.119349506372079 0.536405687532679
"WV" 2.250005980062e-05 0.597440683471229 0.0255729422100661 0.0925624687341602 0.0670136192575918 0.0668220177099866 0.93896416116556 0.64839135557873 0.708051621433288 0.0145898345016568 0.710458657292491 0.876627456952139 0.357223811840514
"WY" NA NA NA NA NA NA NA NA NA NA NA NA NA
